0.000000 0.000000 0.000000 0.000000 0.000000 0.000000 
-19461726.355854 -66913275.263524 -3679854.343750 36.994992 -11.164416 -4.307628 
-107456494.052191 -4885014.975873 6135634.299718 1.381906 -35.140295 -0.560042 
-26502576.889713 144693955.627991 -170.433190 -29.786441 -5.478177 0.000042 
208048140.641832 -2007052.628224 -5156288.959273 1.162672 26.296065 0.522297 
598567583.597929 439604728.492024 -15226860.653019 -7.909838 11.156133 0.130863 
958385124.219723 982856457.211227 -55213047.491796 -7.432022 6.735914 0.178250 
2158975019.759225 -2054625247.237432 -35625489.419672 4.637024 4.627658 -0.042892 
2515046428.529102 -3738714513.276269 19032271.940391 4.465902 3.076627 -0.166063 
-1477331666.009064 -4182576442.612421 875214251.751896 5.244151 -2.662610 -1.233148 
